
2024-04-27, 225. 75, 15, 65.58
2024-04-27, 235. 85, 16, 89.39
2024-04-27, 195. 78, 14, 47.31
2024-04-27, 195. 70, 14, 41.15
2024-04-27, 205. 65, 10, 33.23
2024-04-27, 205, 65, 10, 33.23, 51998502
2024-04-27, 225. 75, 15, 65.58
2024-04-27, 225, 75, 15, 65.58, 51888888
2024-04-27, 205. 68, 10, 35.32
2024-04-27, 235. 85, 16, 89.39
2024-04-27, 235, 85, 16, 89.39, 5555555
2024-04-27, 205. 65, 10, 33.23
2024-04-27, 205, 65, 10, 33.23, 66666
2024-04-27, 225. 75, 16, 68.61
2024-04-27, 195. 70, 14, 41.15
